     0/499      4.5G   0.09776    0.1446   0.06932    0.3117       143       640         0         0         0         0   0.08444    0.1187    0.0674
     1/499     4.52G   0.09169    0.1619   0.06812    0.3217       114       640         0         0         0         0   0.08249     0.122   0.06664
     2/499     4.52G   0.08794    0.1717   0.06627     0.326       167       640         0         0         0         0   0.08107    0.1248   0.06588
     3/499     4.52G   0.08652    0.1705   0.06527    0.3223       140       640         0         0         0         0   0.08118    0.1248   0.06516
     4/499     4.52G   0.08469     0.178   0.06415    0.3268       116       640         0         0         0         0   0.08068    0.1237   0.06451
     5/499     4.52G   0.08398    0.1663   0.06326    0.3135       138       640   0.02388   0.01987  0.002452 0.0007897   0.08082    0.1207   0.06383
     6/499     4.52G   0.08228    0.1713   0.06219    0.3157        93       640   0.06851    0.0979   0.02923  0.005605   0.08047    0.1133   0.06312
     7/499     4.52G   0.08187    0.1501   0.06131    0.2933        86       640   0.02653    0.1627   0.02833  0.004566   0.08042    0.1046   0.06338
     8/499     4.52G   0.08079    0.1459   0.06056    0.2872       176       640    0.9452   0.04924   0.03651   0.01279   0.07224   0.09558   0.06533
     9/499     4.52G    0.0786     0.134   0.06012    0.2727       120       640   0.05123    0.2134   0.04614   0.01505   0.06653   0.09627   0.06331
    10/499     4.52G   0.07634    0.1386   0.05951    0.2744       238       640   0.06732    0.3279   0.09785   0.03077   0.06058   0.07218   0.06117
    11/499     4.52G   0.07453     0.131   0.05922    0.2648       108       640   0.02994    0.3588   0.03671  0.007771   0.07345   0.08954   0.06152
    12/499     4.52G   0.07435    0.1224   0.05873    0.2555        78       640   0.01936    0.3805   0.02115  0.003739   0.08016   0.06955   0.06088
    13/499     4.52G   0.07322    0.1265   0.05798    0.2577       107       640   0.06063    0.3112   0.09887   0.01945    0.0743   0.06371   0.06082
    14/499     4.52G   0.07001    0.1233   0.05717    0.2505        54       640   0.01392    0.1803   0.01039  0.002185   0.09162   0.09988   0.06199
    15/499     4.52G    0.0708    0.1311   0.05634    0.2583        76       640    0.3994    0.1227   0.05676   0.01152   0.07354    0.2359   0.06348
    16/499     4.52G   0.06905    0.1288   0.05419     0.252       144       640    0.4614    0.2954    0.1246   0.04208   0.06069    0.1505   0.06165
    17/499     4.52G   0.06795    0.1208   0.05244    0.2411       119       640    0.1855    0.3317    0.1541   0.03264   0.06773   0.05884    0.0501
    18/499     4.52G   0.06803    0.1186   0.05136     0.238       146       640    0.0461    0.4172   0.04922  0.008241   0.07622   0.06635   0.04982
    19/499     4.52G   0.07122    0.1127   0.05036    0.2343       101       640   0.08698    0.4944    0.1458   0.05308    0.0603   0.08012   0.05137
    20/499     4.52G   0.06829    0.1187   0.04945    0.2364       184       640    0.3222    0.4012    0.2523   0.06392   0.06799     0.063   0.04799
    21/499     4.52G   0.06539    0.1175   0.04894    0.2319        93       640    0.1793    0.4798    0.3321    0.1333     0.057   0.05788   0.04618
    22/499     4.52G   0.06609    0.1213    0.0489    0.2363       147       640   0.09621    0.7015     0.267   0.09947   0.05274    0.0603   0.04378
    23/499     4.52G   0.06366    0.1094   0.04772    0.2208        59       640     0.105    0.5098    0.2304   0.04615   0.06311   0.06173   0.04339
    24/499     4.52G   0.06389    0.1113   0.04675     0.222        86       640    0.1598    0.6293    0.3526     0.126   0.05347   0.08026    0.0434
    25/499     4.52G   0.06267    0.1199   0.04511    0.2277       155       640   0.06968    0.2995   0.07794   0.01141   0.07617   0.06337   0.04059
    26/499     4.52G   0.06191    0.1197   0.04454    0.2261       198       640   0.08077    0.3657   0.09222   0.01559   0.07554   0.05716   0.03955
    27/499     4.52G   0.06033    0.1119   0.04276     0.215        67       640   0.02869    0.1372   0.02257  0.004064   0.08473   0.05747   0.03944
    28/499     4.52G   0.06048    0.1124   0.04196    0.2148       145       640    0.2579    0.7546     0.488    0.2413   0.04326   0.05714   0.03567
    29/499     4.52G   0.05814    0.1076   0.04158    0.2074       152       640    0.1686    0.6259    0.3236   0.08309   0.06066   0.07044   0.03824
    30/499     4.52G    0.0575    0.1094   0.04043    0.2073       122       640    0.3088     0.639    0.4703    0.1573   0.05311   0.05269   0.03382
    31/499     4.52G   0.05625    0.1035   0.03942    0.1992       118       640    0.1997    0.3304     0.173    0.0262    0.0767   0.05764   0.03159
    32/499     4.52G   0.05788    0.1122   0.03852    0.2086       161       640    0.3412    0.7692     0.584    0.1617   0.05582   0.05446   0.03137
    33/499     4.52G   0.05564    0.1055   0.03741    0.1985        93       640    0.2677    0.8286    0.5588    0.2091   0.04746   0.05664   0.03105
    34/499     4.52G   0.05674    0.1073   0.03672    0.2008       104       640    0.1835     0.411    0.2772   0.04362    0.0715   0.05787   0.02966
    35/499     4.52G   0.05624    0.1074   0.03676    0.2005       153       640    0.2824    0.8155    0.6043    0.1935   0.05573   0.06462   0.03083
    36/499     4.52G    0.0554    0.1036   0.03614    0.1951        44       640    0.3715     0.816    0.6489    0.2424   0.05074    0.0544    0.0303
    37/499     4.52G   0.05505    0.1094    0.0359    0.2003        80       640    0.5396    0.5989    0.5816    0.1763   0.05238    0.0553   0.02658
    38/499     4.52G   0.05385    0.1025   0.03501    0.1914        22       640    0.3023    0.7043    0.4571    0.1011   0.05723   0.05752   0.02627
    39/499     4.52G   0.05416    0.1115   0.03458    0.2003       127       640    0.3835    0.7297    0.6258     0.187    0.0564   0.06371   0.02871
    40/499     4.52G   0.05446    0.1064    0.0338    0.1947       106       640    0.4862    0.7213    0.7247    0.3265   0.04496   0.05712    0.0265
    41/499     4.52G   0.05356    0.1099    0.0342    0.1976       180       640     0.366    0.8158    0.6054    0.1894   0.05419   0.05875   0.02536
    42/499     4.52G   0.05242    0.1014   0.03338    0.1872       103       640     0.446    0.7261    0.7092    0.3352   0.04169   0.05437    0.0257
    43/499     4.52G   0.05483    0.1095   0.03349    0.1978        91       640    0.5761    0.6995    0.7033    0.2559   0.04753    0.0575   0.02386
    44/499     4.52G   0.05283    0.1037   0.03281    0.1894       138       640    0.4891    0.8384    0.7172    0.2911   0.04488   0.05387    0.0242
    45/499     4.52G   0.05089    0.0998   0.03129     0.182       134       640     0.483    0.8489    0.7191    0.2905   0.04732   0.05508   0.02371
    46/499     4.52G   0.05036    0.1061    0.0311    0.1876       181       640     0.701    0.6681    0.7271    0.2271   0.05058    0.0561   0.02302
    47/499     4.52G   0.05208    0.1004   0.03165    0.1841        65       640    0.2728    0.5707    0.4358    0.1411   0.05699     0.178   0.03987
    48/499     4.52G   0.05113    0.1034   0.03095    0.1855       107       640    0.3779    0.6337    0.4348   0.08455   0.06616   0.05719   0.02277
    49/499     4.52G   0.05051   0.09467   0.03052    0.1757        99       640    0.5891     0.701    0.6739    0.1717   0.05937   0.05677   0.02238
    50/499     4.52G   0.05041   0.09946   0.02953    0.1794       132       640    0.4509    0.8318    0.6502    0.1786   0.05593   0.05234   0.02255
    51/499     4.52G   0.04958    0.1034   0.03033    0.1833       137       640    0.3061    0.4907    0.3523   0.07532   0.06616   0.08521   0.02889
    52/499     4.52G   0.05008   0.09987   0.02961    0.1796       142       640    0.5782    0.7758    0.6939    0.1972   0.05743   0.05373   0.02186
    53/499     4.52G   0.04922   0.08832    0.0299    0.1674        91       640    0.5442    0.5638    0.5147    0.1041   0.06272   0.07519   0.02349
    54/499     4.52G   0.04916   0.09685   0.02934    0.1754        52       640    0.5244    0.8642    0.7227    0.2939   0.04558   0.05374   0.02095
    55/499     4.52G   0.04796   0.09907   0.02912    0.1762       144       640    0.5604    0.8398    0.7309    0.3168   0.04444   0.05595   0.02074
    56/499     4.52G   0.04936    0.1006   0.02936    0.1794       208       640    0.6012    0.7566     0.715    0.2355   0.04992   0.05347   0.02143
    57/499     4.52G   0.04891   0.09769   0.02821    0.1748       111       640    0.6664    0.7118    0.7297    0.2316   0.05381   0.05533   0.01992
    58/499     4.52G   0.04808   0.09793   0.02809    0.1741       124       640    0.5632    0.8003    0.7463    0.2554   0.04704    0.0551   0.01953
    59/499     4.52G   0.04791   0.09425    0.0291    0.1713        75       640    0.5663    0.8306      0.75    0.2687   0.04906   0.05216    0.0197
    60/499     4.52G   0.04801   0.09089    0.0276    0.1665        98       640    0.5452    0.7623    0.7039    0.1727   0.05429   0.05432   0.01934
    61/499     4.52G   0.04695   0.09433   0.02758    0.1689       159       640    0.7285    0.7181     0.774    0.3425   0.04286   0.04996   0.01886
    62/499     4.52G   0.04829   0.09667   0.02728    0.1722        91       640    0.5697    0.7818    0.7318    0.2351   0.05113   0.06325   0.02091
    63/499     4.52G   0.04681   0.09507   0.02691    0.1688        95       640    0.4901    0.7854    0.6342     0.149    0.0601   0.05679   0.01952
    64/499     4.52G   0.04692   0.09609   0.02725    0.1703        98       640    0.6033    0.8131    0.7435    0.1828   0.05642    0.0546   0.01793
    65/499     4.52G   0.04597   0.09064   0.02547    0.1621       114       640    0.6083    0.8001    0.7356    0.2284   0.05598   0.05139   0.01801
    66/499     4.52G   0.04658   0.09148   0.02581    0.1639       126       640    0.6255    0.8881    0.7989    0.3332    0.0436   0.04806   0.01756
    67/499     4.52G   0.04498   0.09439    0.0261    0.1655        83       640    0.5822     0.931    0.7927    0.2217   0.05314   0.05073   0.01681
    68/499     4.52G   0.04553    0.0939   0.02599    0.1654       106       640    0.7278    0.7832    0.7916    0.3391    0.0436   0.05055   0.01736
    69/499     4.52G   0.04606   0.09121    0.0253    0.1626       105       640      0.38    0.5628    0.4226   0.07996   0.06346   0.06909     0.018
    70/499     4.52G   0.04718   0.09553   0.02591    0.1686       119       640    0.6421    0.7218    0.6597     0.121   0.06067   0.05871   0.01633
    71/499     4.52G   0.04568   0.09156    0.0252    0.1624       105       640     0.453    0.5303    0.4481   0.07139   0.06701   0.05645   0.01689
    72/499     4.52G   0.04683   0.09282   0.02588    0.1655        88       640    0.7075      0.78    0.7856    0.2768   0.04742   0.05455   0.01712
    73/499     4.52G   0.04595    0.0912   0.02465    0.1618        93       640    0.6325    0.7074    0.7216    0.2077   0.05126   0.05714   0.01872
    74/499     4.52G   0.04432   0.09339    0.0245    0.1622       149       640    0.6501    0.8679    0.8205    0.4663   0.03451   0.04551   0.01561
    75/499     4.52G    0.0454   0.09156   0.02447    0.1614       108       640    0.6198      0.75     0.702    0.1974   0.05509   0.05937   0.01909
    76/499     4.52G   0.04521   0.08664   0.02427    0.1561        77       640    0.7573    0.7533    0.8236    0.4086   0.03936   0.04957    0.0156
    77/499     4.52G   0.04513   0.08976   0.02387    0.1588       120       640    0.7675    0.7711    0.8357    0.3162   0.04677   0.05549   0.01579
    78/499     4.52G   0.04408   0.08374   0.02371    0.1515       133       640    0.6412    0.8884    0.8337    0.3981   0.03959   0.04963   0.01546
    79/499     4.52G   0.04307   0.08845   0.02362    0.1551       121       640    0.6459    0.9245    0.8355    0.2553   0.05299   0.05438   0.01438
    80/499     4.52G   0.04341   0.08748   0.02311     0.154        95       640     0.708    0.8614    0.8321    0.4339   0.03753   0.04724   0.01443
    81/499     4.52G    0.0445   0.08731    0.0229    0.1547        62       640    0.7895    0.7702    0.8065    0.2781   0.05036   0.05161   0.01561
    82/499     4.52G   0.04321   0.09039    0.0224     0.156       110       640    0.6693    0.8013    0.8215    0.3488    0.0434   0.05309   0.01564
    83/499     4.52G   0.04352   0.08903   0.02305    0.1556        59       640    0.7424    0.8683    0.8391    0.3717   0.04189   0.04779   0.01541
    84/499     4.52G    0.0431   0.09033   0.02277    0.1562       187       640    0.7811     0.853    0.8989    0.4795    0.0369    0.0503     0.014
    85/499     4.52G   0.04374   0.09119   0.02312    0.1581       151       640    0.8039    0.8793    0.8825    0.3539    0.0434   0.05238   0.01341
    86/499     4.52G   0.04349   0.09221   0.02215    0.1579        92       640    0.7725    0.8399      0.82    0.3012   0.04773   0.05417   0.01494
    87/499     4.52G   0.04224   0.09015   0.02229    0.1547        55       640    0.6899    0.9131    0.8635    0.3174   0.04613   0.05297   0.01287
    88/499     4.52G   0.04453   0.08637   0.02213     0.153        91       640    0.7782    0.8777    0.8824    0.4481   0.03868   0.04875   0.01341
    89/499     4.52G   0.04199   0.08843   0.02216    0.1526       128       640     0.725    0.8838    0.8752    0.3118   0.04637   0.05319   0.01311
    90/499     4.52G    0.0434   0.09006   0.02212    0.1556       140       640    0.7749    0.8325    0.8564    0.2754   0.04875   0.05292   0.01371
    91/499     4.52G   0.04275    0.0845   0.02131    0.1486       141       640    0.7342    0.8316    0.8526    0.2811   0.04889    0.0536   0.01365
    92/499     4.52G   0.04284   0.08886   0.02108    0.1528        88       640    0.7274    0.9137    0.8754    0.3416   0.04379   0.04774   0.01193
    93/499     4.52G   0.04212   0.08472   0.02152    0.1484        68       640    0.7815    0.8937    0.8789    0.3397   0.04473   0.05013   0.01212
    94/499     4.52G   0.04155   0.08799   0.02074    0.1503       131       640    0.7284    0.9048    0.8891    0.3863   0.04117   0.05362   0.01194
    95/499     4.52G    0.0427   0.08819   0.02096    0.1519       160       640    0.7873    0.9126    0.8952    0.2894   0.05076    0.0535   0.01142
    96/499     4.52G   0.04175   0.08395   0.02073    0.1464       165       640    0.8177    0.9072    0.9137    0.3811   0.04722      0.05     0.011
    97/499     4.52G   0.04301   0.08534   0.02057    0.1489       146       640    0.7832    0.9308    0.9069    0.3581   0.04506    0.0495   0.01102
    98/499     4.52G    0.0415   0.08575   0.02049    0.1477        73       640     0.787    0.9128    0.9094    0.4162    0.0421   0.04886   0.01117
    99/499     4.52G   0.04059   0.08485   0.02022    0.1457       100       640    0.7927    0.9163    0.9198    0.3563   0.04538   0.05074   0.01095
   100/499     4.52G   0.04079   0.08621   0.02035    0.1473       140       640    0.8745    0.8772    0.9392    0.3934   0.04175    0.0483   0.01036
   101/499     4.52G   0.04224   0.08674   0.02025    0.1492       105       640    0.7942    0.8978    0.9008    0.3723   0.04439   0.04959   0.01084
   102/499     4.52G   0.04215   0.08236   0.01975    0.1443        88       640    0.6538    0.6108    0.6039    0.1142   0.06199   0.06958   0.01453
   103/499     4.52G   0.04142   0.08404   0.01995    0.1454       130       640    0.8547    0.9286    0.9344    0.4598    0.0403   0.04835  0.009531
   104/499     4.52G   0.04155    0.0844   0.01954    0.1455       139       640    0.8305    0.9312    0.9365    0.4621   0.03919   0.04417   0.01062
   105/499     4.52G    0.0406   0.08662   0.01921    0.1464       116       640    0.8573    0.8665    0.9354    0.4188   0.04163   0.04773    0.0107
   106/499     4.52G    0.0409   0.08579   0.01928     0.146        62       640    0.8079    0.8821    0.9235    0.3701   0.04407   0.04982   0.01058
   107/499     4.52G   0.04223   0.08957   0.01915     0.151       169       640    0.8765    0.8659    0.9282    0.4042   0.04156     0.049   0.01008
   108/499     4.52G   0.04122   0.08594   0.01909    0.1462       123       640    0.7712    0.7791    0.7834    0.1885   0.05559   0.07627   0.01339
   109/499     4.52G    0.0403   0.08187   0.01907    0.1412       119       640    0.8995    0.9384     0.961    0.4662    0.0383   0.04906  0.009866
   110/499     4.52G      0.04   0.08134   0.01935    0.1407        57       640     0.875     0.925    0.9511    0.5033   0.03564   0.05048   0.00999
   111/499     4.52G   0.03958   0.08615   0.01839    0.1441       134       640    0.8794    0.9284    0.9488    0.3905   0.04513   0.04783  0.009079
   112/499     4.52G   0.04222   0.08718    0.0187    0.1481        94       640     0.929    0.8814    0.9616    0.4155   0.04297   0.04987  0.008893
   113/499     4.52G   0.04145   0.08474   0.01819    0.1444        90       640    0.9014    0.8988    0.9409    0.3878   0.04533   0.04955  0.008952
   114/499     4.52G   0.04136   0.08308   0.01892    0.1434       119       640    0.8839    0.9074    0.9503     0.432   0.04188   0.04947  0.008663
   115/499     4.52G   0.04039   0.07769   0.01861    0.1367        88       640    0.9045    0.9675    0.9681    0.4443   0.04154   0.04741  0.008112
   116/499     4.52G    0.0391   0.07999   0.01857    0.1377        83       640    0.8326    0.9123      0.93    0.4061   0.04274   0.05122  0.009569
   117/499     4.52G   0.04005   0.08215   0.01874    0.1409       108       640    0.8971    0.9344    0.9581    0.4434   0.04002   0.04894  0.008244
   118/499     4.52G    0.0403     0.081   0.01795    0.1392       142       640    0.8839    0.9017    0.9371    0.3875   0.04295   0.05147  0.009341
   119/499     4.52G   0.04013   0.08442   0.01754    0.1421       206       640    0.8916    0.9574      0.96    0.4534   0.03989   0.04815  0.008476
   120/499     4.52G   0.03973   0.07904     0.018    0.1368        90       640     0.883    0.9277    0.9459    0.3547   0.04594   0.05086  0.008556
   121/499     4.52G   0.04027   0.08151   0.01759    0.1394       139       640    0.9441    0.9379    0.9753    0.5346   0.03508   0.04713  0.007931
   122/499     4.52G   0.03977    0.0819   0.01749    0.1392       168       640    0.9027    0.9403    0.9716    0.4818   0.03752   0.04927   0.00833
   123/499     4.52G   0.03905    0.0854   0.01715    0.1416        94       640    0.9365    0.9517     0.976    0.4356   0.04304   0.04989  0.007306
   124/499     4.52G   0.03904   0.08168   0.01703    0.1377       155       640    0.9145    0.9554     0.967    0.3678   0.04703   0.04906  0.007295
   125/499     4.52G    0.0406   0.08262   0.01733    0.1406       100       640     0.897    0.9597    0.9724    0.3629   0.04703    0.0498  0.007382
   126/499     4.52G   0.04012   0.08251   0.01735      0.14       126       640    0.9103    0.9437    0.9697      0.42   0.04339   0.04752  0.007623
   127/499     4.52G   0.03958   0.08121   0.01677    0.1376       105       640    0.9209    0.9325    0.9653    0.4732   0.03919   0.05098  0.007567
   128/499     4.52G   0.03962   0.08216   0.01687    0.1386        98       640    0.9095    0.9338    0.9587    0.4619    0.0391   0.04958   0.00755
   129/499     4.52G   0.03859   0.08326   0.01627    0.1381       101       640     0.934    0.9667     0.968    0.5405   0.03358   0.04348  0.006687
   130/499     4.52G   0.03847   0.08032   0.01583    0.1346       173       640    0.9141    0.9535    0.9718     0.436   0.04259   0.04578  0.006755
   131/499     4.52G   0.03857   0.07992   0.01664    0.1351        92       640    0.8767    0.9617    0.9711    0.4351   0.04193   0.04794  0.007247
   132/499     4.52G   0.03919     0.083   0.01708    0.1393        86       640    0.9147     0.935    0.9672    0.5001    0.0382   0.04663  0.006871
   133/499     4.52G   0.03959   0.08178    0.0161    0.1375       131       640    0.9416    0.9601    0.9753    0.5442   0.03538   0.04633  0.006491
   134/499     4.52G   0.03938   0.08464   0.01661    0.1406       172       640    0.9105    0.9613    0.9705    0.4855   0.03852   0.04615  0.006684
   135/499     4.52G   0.03957   0.08116   0.01595    0.1367        74       640     0.928    0.9558    0.9757    0.4842   0.03881   0.04553  0.006104
   136/499     4.52G   0.03775   0.08176   0.01562    0.1351       129       640    0.9479    0.9398    0.9726    0.4721   0.03949   0.05093  0.005869
   137/499     4.52G   0.03783   0.08062   0.01594    0.1344       101       640    0.9418     0.963    0.9809    0.4893   0.03896   0.04752  0.006107
   138/499     4.52G   0.03831   0.08256   0.01539    0.1363        78       640    0.9604    0.9458    0.9776    0.4845   0.03788   0.04766  0.005639
   139/499     4.52G   0.03926   0.07874   0.01623    0.1342        54       640    0.9526    0.9374    0.9797     0.472   0.04032   0.04898  0.005772
   140/499     4.52G   0.03895   0.08322   0.01534    0.1375        96       640    0.9528    0.9656    0.9768    0.4655   0.03863   0.04764  0.005702
   141/499     4.52G   0.03946   0.08025   0.01584    0.1356        85       640    0.9619    0.9714    0.9814    0.4538   0.03916   0.04873  0.005409
   142/499     4.52G   0.03807   0.07784   0.01528    0.1312       104       640    0.9601    0.9697    0.9809     0.497   0.03718   0.04694  0.005351
   143/499     4.52G   0.03774   0.07814   0.01501    0.1309        65       640    0.9397    0.9593    0.9772    0.5135   0.03602    0.0452   0.00551
   144/499     4.52G   0.03691   0.08257   0.01467    0.1342       138       640    0.9486    0.9464    0.9771    0.4943   0.03705   0.04527  0.005465
   145/499     4.52G   0.03747   0.07857    0.0143    0.1303        52       640    0.9452     0.965    0.9833    0.5589   0.03318   0.04539  0.005166
   146/499     4.52G    0.0386   0.08467   0.01483    0.1381        99       640    0.9333    0.9761    0.9806    0.4853    0.0391   0.04976  0.005555
   147/499     4.52G   0.03861   0.08043   0.01517    0.1342       206       640    0.9259    0.9543    0.9683    0.3589   0.04598   0.05123  0.005203
   148/499     4.52G   0.03838   0.07754    0.0148    0.1307        90       640    0.9493    0.9779    0.9833    0.4507   0.04111   0.04689  0.005504
   149/499     4.52G   0.03759   0.08076   0.01474    0.1331       133       640    0.9532    0.9611    0.9817     0.474   0.03979   0.05016  0.004988
   150/499     4.52G   0.03866   0.08161   0.01509    0.1354       127       640    0.9529    0.9683    0.9803    0.4678   0.04022   0.04829  0.005111
   151/499     4.52G   0.03879   0.08109   0.01457    0.1345       115       640    0.9453    0.9714    0.9825    0.3982   0.04378   0.05299  0.005221
   152/499     4.52G   0.03795   0.07908   0.01466    0.1317        83       640    0.9404    0.9637    0.9787    0.4661   0.03906   0.04859  0.005176
   153/499     4.52G   0.03639   0.07725    0.0139    0.1275        92       640    0.9287    0.9766    0.9807    0.4532   0.04084   0.04756  0.005261
   154/499     4.52G   0.03806   0.08131   0.01431    0.1337        79       640    0.9368    0.9721    0.9791     0.513   0.03599   0.04665  0.004921
   155/499     4.52G   0.03741   0.07786   0.01444    0.1297       131       640    0.9393    0.9538    0.9741    0.4589   0.03989   0.04685   0.00503
   156/499     4.52G   0.03658   0.08061   0.01425    0.1315        56       640    0.9601    0.9755    0.9785    0.4629   0.04037   0.04684  0.004844
   157/499     4.52G   0.03726    0.0776   0.01393    0.1288       103       640    0.9407    0.9647    0.9786    0.4483   0.04181   0.04844  0.004703
   158/499     4.52G   0.03696   0.07763   0.01383    0.1284       117       640    0.9413    0.9787    0.9839     0.532   0.03556   0.04859  0.004549
   159/499     4.52G   0.03631   0.07498   0.01365    0.1249       135       640    0.9679    0.9752    0.9826    0.4339   0.04273   0.05522  0.004522
   160/499     4.52G   0.03726   0.08394   0.01422    0.1354       161       640    0.9381    0.9715    0.9783    0.4684   0.03946   0.05517  0.004527
   161/499     4.52G   0.03725    0.0786   0.01396    0.1298       111       640    0.9635    0.9669    0.9823     0.512   0.03753   0.05194  0.004427
   162/499     4.52G   0.03677    0.0786   0.01348    0.1288       133       640    0.9668     0.967     0.982    0.4268   0.04311   0.05719  0.004315
   163/499     4.52G   0.03661   0.07633   0.01313    0.1261        55       640    0.9522    0.9822    0.9817    0.4449   0.04155    0.0488  0.004682
   164/499     4.52G   0.03756   0.07863   0.01352    0.1297       169       640    0.9455    0.9879    0.9816    0.4736   0.04002   0.04937   0.00426
   165/499     4.52G   0.03698   0.07893   0.01392    0.1298       108       640    0.9531    0.9922    0.9823    0.5307   0.03378   0.04616  0.004144
   166/499     4.52G   0.03581   0.08003   0.01314     0.129        81       640    0.9563    0.9658    0.9767    0.4302   0.04324   0.05456  0.004411
   167/499     4.52G   0.03602   0.07895   0.01319    0.1282       172       640    0.9677    0.9544    0.9825    0.5753    0.0324   0.04563   0.00408
   168/499     4.52G    0.0361   0.07917   0.01394    0.1292        78       640    0.9414    0.9406    0.9686    0.3419     0.047   0.05317  0.005003
   169/499     4.52G   0.03565   0.07726   0.01299    0.1259       170       640    0.9596    0.9674     0.981    0.4502   0.04002   0.04889  0.004109
   170/499     4.52G   0.03625   0.07341   0.01334     0.123       134       640    0.9523    0.9798    0.9809    0.4866   0.03704   0.04643  0.004272
   171/499     4.52G   0.03675   0.07784    0.0134     0.128       169       640    0.9717    0.9853     0.983    0.4783   0.03857   0.04617  0.003762
   172/499     4.52G   0.03625   0.07628   0.01332    0.1259       149       640    0.9577    0.9849    0.9826     0.522   0.03526   0.04699  0.003838
   173/499     4.52G   0.03599   0.07725   0.01307    0.1263       106       640    0.9751    0.9637    0.9812    0.5172   0.03507   0.05066  0.003677
   174/499     4.52G    0.0363   0.07606   0.01317    0.1255        49       640    0.9714     0.965    0.9822    0.4332   0.04175   0.04627  0.003806
   175/499     4.52G   0.03662   0.07513   0.01234    0.1241       178       640    0.9733    0.9709    0.9824    0.4592   0.04033   0.04782  0.003943
   176/499     4.52G   0.03519   0.07436   0.01253    0.1221       186       640    0.9607    0.9612    0.9748    0.4159    0.0421   0.05078  0.003902
   177/499     4.52G    0.0358   0.07888   0.01248    0.1272       157       640    0.9745    0.9725    0.9805    0.5123   0.03557   0.04692  0.003486
   178/499     4.52G   0.03644   0.08018   0.01262    0.1292       112       640    0.9483    0.9826    0.9821    0.5063   0.03674   0.04705  0.004209
   179/499     4.52G   0.03494   0.07585   0.01248    0.1233       106       640    0.9399    0.9196    0.9346    0.2836   0.05074   0.05421  0.004365
   180/499     4.52G   0.03538   0.07493   0.01223    0.1225        71       640    0.9515    0.9858    0.9854    0.4827   0.03849   0.04892  0.003679
   181/499     4.52G   0.03579    0.0768   0.01299    0.1256       131       640    0.9749    0.9836    0.9828    0.5259   0.03407   0.04559  0.003427
   182/499     4.52G    0.0358   0.07612   0.01239    0.1243        89       640    0.9673    0.9831    0.9814    0.5268   0.03431   0.04718  0.003823
   183/499     4.52G   0.03617   0.07626    0.0127    0.1251       119       640     0.967    0.9559    0.9793    0.4921   0.03827     0.049  0.004492
   184/499     4.52G   0.03523   0.07546   0.01221    0.1229       120       640    0.9688    0.9802    0.9832    0.5324   0.03446   0.04667  0.003532
   185/499     4.52G   0.03655   0.07939   0.01248    0.1284       130       640    0.9846    0.9828    0.9837    0.5132   0.03566   0.04774  0.003566
   186/499     4.52G   0.03579   0.07698   0.01229    0.1251        93       640    0.9732    0.9597    0.9828    0.5467   0.03415   0.04647  0.003768
   187/499     4.52G   0.03604   0.07696   0.01217    0.1252       125       640    0.9759    0.9678    0.9832     0.531   0.03519   0.04651  0.003465
   188/499     4.52G   0.03552   0.07838   0.01237    0.1263       171       640    0.9792    0.9665    0.9825    0.5503   0.03311   0.04179  0.003539
   189/499     4.52G   0.03539    0.0748   0.01228    0.1225       141       640    0.9562    0.9713    0.9833    0.5136   0.03605   0.04698  0.003679
   190/499     4.52G    0.0353   0.07233   0.01188    0.1195       125       640    0.9715    0.9343    0.9817    0.4899   0.03722   0.04947  0.003735
   191/499     4.52G   0.03444   0.07462   0.01217    0.1212       120       640    0.9374    0.9737      0.98    0.5322   0.03487   0.04913   0.00377
   192/499     4.52G   0.03569   0.07655   0.01251    0.1247        96       640    0.9589    0.9822    0.9804    0.4845   0.03873   0.04575  0.003945
   193/499     4.52G   0.03407   0.07151   0.01159    0.1172       122       640    0.9677    0.9513    0.9792    0.5148   0.03592   0.04778  0.003778
   194/499     4.52G   0.03519   0.07807    0.0121    0.1254       187       640    0.9599    0.9759     0.981    0.4681   0.03941   0.04902  0.003333
   195/499     4.52G   0.03537   0.07586   0.01146    0.1227       146       640    0.9659    0.9521    0.9791    0.4607   0.04053   0.04971  0.003782
   196/499     4.52G   0.03541   0.07729   0.01181    0.1245        91       640    0.9581    0.9606    0.9782    0.4746   0.03989   0.04922  0.004055
   197/499     4.52G   0.03555   0.07527   0.01168    0.1225       173       640    0.9528    0.9484    0.9801    0.5631   0.03264   0.04231  0.003811
   198/499     4.52G   0.03427   0.07518   0.01186    0.1213       135       640    0.9569      0.98    0.9845    0.5842   0.03164   0.04549  0.003713
   199/499     4.52G   0.03469   0.07274   0.01167    0.1191        91       640    0.9776    0.9634    0.9856    0.5484   0.03433   0.04919  0.003711
   200/499     4.52G    0.0354   0.07623   0.01141     0.123       110       640    0.9671     0.973    0.9821    0.5542   0.03344    0.0445  0.003506
   201/499     4.52G   0.03392   0.07578   0.01123    0.1209       136       640    0.9804    0.9651    0.9826    0.4875   0.03769   0.05006  0.003359
   202/499     4.52G   0.03502   0.07396     0.011      0.12        78       640    0.9696    0.9854    0.9845    0.6081   0.02989   0.04109  0.003348
   203/499     4.52G   0.03469   0.07212   0.01157    0.1184        83       640    0.9732     0.992     0.984    0.5211   0.03608   0.04474  0.003266
   204/499     4.52G   0.03498   0.07741   0.01129    0.1237       151       640    0.9677     0.964      0.98    0.3819   0.04488   0.05058  0.003772
   205/499     4.52G   0.03449   0.07378     0.011    0.1193       130       640    0.9825    0.9855    0.9873    0.4304   0.04175    0.0494  0.003002
   206/499     4.52G   0.03515   0.07561   0.01107    0.1218       144       640    0.9788    0.9908    0.9832    0.4991   0.03607   0.04468  0.002923
   207/499     4.52G   0.03415   0.07475   0.01119    0.1201       134       640    0.9829    0.9826    0.9818    0.5282   0.03397   0.04271  0.003187
   208/499     4.52G   0.03389   0.07055   0.01126    0.1157       154       640    0.9811    0.9791    0.9784    0.4618   0.03937   0.04653  0.003324
   209/499     4.52G   0.03444   0.07326   0.01098    0.1187       134       640    0.9118    0.9052     0.914    0.2866    0.0491   0.05844  0.005143
   210/499     4.52G   0.03424   0.07056   0.01112    0.1159        99       640    0.9809    0.9428    0.9828    0.4337   0.04357   0.06055  0.003873
   211/499     4.52G    0.0339   0.07494   0.01091    0.1198        79       640    0.9684     0.956    0.9798    0.5211   0.03562   0.04675  0.003508
   212/499     4.52G   0.03341   0.07679   0.01092    0.1211       141       640    0.9733     0.981    0.9821    0.5429   0.03423    0.0447  0.003245
   213/499     4.52G   0.03334    0.0681    0.0103    0.1117        97       640    0.9778    0.9816    0.9829    0.5297   0.03487   0.04358  0.003088
   214/499     4.52G   0.03495   0.07609   0.01113    0.1222       128       640    0.9798    0.9752    0.9835    0.4197   0.04315   0.05068  0.003209
   215/499     4.52G   0.03408   0.07308   0.01089    0.1181        53       640    0.9724     0.985    0.9844    0.5136   0.03704   0.04475  0.003179
   216/499     4.52G   0.03427   0.07764   0.01091    0.1228       172       640     0.955    0.9871    0.9833    0.4738   0.03982   0.04968  0.003602
   217/499     4.52G   0.03397   0.07569   0.01124    0.1209       140       640    0.9752    0.9749    0.9859    0.5003   0.03721   0.04898  0.003681
   218/499     4.52G   0.03343   0.07563   0.01053    0.1196       122       640    0.9734    0.9831    0.9842    0.5345   0.03447   0.04633  0.002968
   219/499     4.52G   0.03433   0.07258   0.01079    0.1177        47       640    0.9811    0.9778    0.9825    0.4929   0.03896   0.04916  0.003237
   220/499     4.52G   0.03343   0.07136   0.01056    0.1153       134       640    0.9843    0.9848    0.9836    0.4948   0.03765   0.04795  0.002987
   221/499     4.52G   0.03322   0.07145   0.01048    0.1152        96       640    0.9685    0.9883    0.9829    0.5065   0.03617    0.0463  0.002995
   222/499     4.52G   0.03359   0.07345   0.01026    0.1173       142       640    0.9662    0.9842    0.9816    0.5411   0.03464   0.04704   0.00323
   223/499     4.52G   0.03426   0.07564    0.0103    0.1202       133       640    0.9722    0.9812    0.9818    0.5175   0.03663   0.04756  0.003054
   224/499     4.52G   0.03326   0.07352   0.01003    0.1168        82       640    0.9719    0.9682    0.9801     0.429   0.04031   0.04908  0.003473
   225/499     4.52G   0.03315   0.07323   0.01082    0.1172        96       640    0.9615    0.9843    0.9841     0.545   0.03483   0.04716  0.003251
   226/499     4.52G   0.03425   0.07321   0.01081    0.1183       107       640    0.9293    0.9603    0.9698     0.387   0.04507   0.05337  0.003908
   227/499     4.52G   0.03456   0.07674   0.01079    0.1221       110       640     0.981     0.949    0.9799    0.4961   0.03822   0.05131  0.003416
   228/499     4.52G   0.03317   0.07472   0.01052    0.1184       159       640    0.9614    0.9672      0.98    0.5093   0.03637   0.04818  0.003381
   229/499     4.52G   0.03234   0.07263   0.01083    0.1158        72       640    0.9748    0.9669     0.977    0.5388   0.03508   0.04468  0.003337
   230/499     4.52G   0.03316   0.07138   0.01035    0.1149       188       640    0.9795    0.9837     0.983     0.445   0.04133   0.04759  0.002913
   231/499     4.52G   0.03346   0.07617   0.01051    0.1201       120       640    0.9749    0.9609    0.9815     0.503   0.03755   0.05031  0.003454
   232/499     4.52G   0.03334   0.07273   0.01007    0.1161       169       640    0.9635    0.9687    0.9808    0.5151   0.03661   0.04805  0.003386
   233/499     4.52G   0.03218   0.07263   0.01027    0.1151       100       640    0.9762    0.9701    0.9816    0.5321   0.03485   0.04566  0.003046
   234/499     4.52G   0.03311   0.07391   0.01048    0.1175       138       640    0.9701    0.9854    0.9807     0.482   0.03792   0.04961  0.002984
   235/499     4.52G   0.03248   0.06998   0.00974    0.1122       136       640    0.9668    0.9627    0.9792    0.4528   0.04014   0.04778  0.003416
   236/499     4.52G   0.03266    0.0733    0.0104    0.1164        90       640    0.9694    0.9893     0.982    0.4487   0.04061    0.0488  0.003218
   237/499     4.52G   0.03313   0.07131  0.009925    0.1144       116       640    0.9723    0.9713    0.9824    0.5181   0.03716   0.05097  0.003137
   238/499     4.52G   0.03344   0.07332   0.01013    0.1169       144       640    0.9853    0.9801    0.9848     0.507   0.03699   0.05026  0.002977
   239/499     4.52G   0.03269    0.0709   0.00994    0.1135       138       640    0.9586    0.9526    0.9794    0.5023   0.03753   0.04736  0.003876
   240/499     4.52G   0.03221   0.06885   0.01005    0.1111       146       640    0.9575    0.9598    0.9805    0.5194   0.03656   0.04793  0.003494
   241/499     4.52G    0.0321   0.07451  0.009944    0.1166       172       640    0.9519    0.9899    0.9806    0.5487    0.0339   0.04599   0.00302
   242/499     4.52G   0.03311   0.07182   0.01019    0.1151        98       640    0.9545    0.9909    0.9815    0.5561    0.0341   0.04589  0.003062
   243/499     4.52G   0.03173    0.0701  0.009884    0.1117       107       640    0.9594    0.9555    0.9805    0.4818   0.03995   0.05288  0.003769
   244/499     4.52G   0.03344   0.07025  0.009719    0.1134       152       640    0.9717    0.9711    0.9824    0.5109    0.0371    0.0497  0.003301
   245/499     4.52G   0.03245   0.06919  0.009687    0.1113       135       640    0.9671    0.9482     0.977    0.4547   0.03906   0.04787  0.003693
   246/499     4.52G   0.03261    0.0711  0.009956    0.1137        83       640    0.9649    0.9772    0.9781    0.5448   0.03277    0.0447   0.00327
   247/499     4.52G   0.03161   0.07048  0.009628    0.1117       109       640      0.97    0.9586    0.9761    0.4894   0.03746   0.04759  0.003369
   248/499     4.52G   0.03242   0.07058  0.009415    0.1124       129       640    0.9509    0.9827    0.9829    0.5013   0.03642   0.04557  0.003167
   249/499     4.52G   0.03218   0.07168  0.009574    0.1134        90       640    0.9592     0.972    0.9823    0.4773   0.03856   0.04685  0.003309
   250/499     4.52G   0.03135    0.0688   0.00979    0.1099        57       640    0.9554    0.9834    0.9798    0.5165   0.03607   0.04481  0.003261
   251/499     4.52G   0.03081   0.06606  0.009301    0.1062        83       640    0.9687    0.9584    0.9807    0.4878   0.03832   0.04652  0.003353
   252/499     4.52G   0.03219   0.06922  0.009735    0.1111       195       640    0.9788    0.9641    0.9813     0.543   0.03421   0.04546  0.003181
   253/499     4.52G   0.03265   0.06743  0.009843    0.1099       103       640    0.9769    0.9832    0.9822    0.5409   0.03482   0.04543  0.003081
   254/499     4.52G   0.03199   0.07301  0.009923    0.1149       138       640    0.9625    0.9784    0.9814    0.5076    0.0367   0.04515  0.003112
   255/499     4.52G   0.03246   0.07157  0.009831    0.1139        36       640    0.9791    0.9655    0.9813    0.5212   0.03606    0.0456  0.003125
   256/499     4.52G   0.03169    0.0697  0.009098    0.1105       138       640    0.9611    0.9785    0.9786    0.4926   0.03799   0.04847  0.003269
   257/499     4.52G   0.03104    0.0689  0.009553    0.1095        65       640    0.9837     0.981    0.9839    0.5167   0.03732   0.04744  0.002738
   258/499     4.52G   0.03237   0.06996  0.009379    0.1117       109       640    0.9723     0.987    0.9833    0.5407   0.03477   0.04564  0.002817
   259/499     4.52G   0.03075    0.0693  0.009416    0.1095        82       640    0.9743    0.9672     0.983    0.5702   0.03243   0.04317   0.00331
   260/499     4.52G   0.03166   0.07342  0.009769    0.1149       126       640    0.9722    0.9671    0.9818    0.5219   0.03557   0.04703  0.003253
   261/499     4.52G   0.03094   0.06988  0.009415    0.1102       132       640    0.9773    0.9805    0.9835    0.5139   0.03673   0.04828  0.002718
   262/499     4.52G   0.03315   0.06966  0.009548    0.1124       111       640    0.9724    0.9792    0.9819    0.5141   0.03649   0.04555  0.002933
   263/499     4.52G   0.03251   0.06785  0.009573    0.1099       113       640    0.9783    0.9758     0.981    0.5493   0.03403   0.04288  0.003011
   264/499     4.52G   0.03137   0.06986  0.008904    0.1101        87       640    0.9718    0.9707    0.9817    0.4842   0.03917   0.04627  0.003066
   265/499     4.52G   0.03177   0.06561  0.009274    0.1067        95       640    0.9835    0.9845    0.9842    0.3877   0.04409    0.0495  0.003007
   266/499     4.52G   0.03168    0.0742  0.009651    0.1155       102       640    0.9292    0.9563    0.9378    0.3316   0.04851   0.05992   0.00313
   267/499     4.52G   0.03172   0.06909    0.0096    0.1104       118       640    0.9846     0.973    0.9823    0.5397   0.03371   0.04607  0.002854
   268/499     4.52G   0.03186   0.06805  0.009429    0.1093       172       640    0.9715    0.9864    0.9812    0.5017   0.03696   0.04667  0.002975
   269/499     4.52G   0.03159     0.068  0.009467    0.1091        82       640    0.9764    0.9814    0.9838    0.4539   0.04171   0.05462  0.003131
   270/499     4.52G   0.03157   0.07042  0.009389    0.1114       104       640     0.969    0.9873    0.9806    0.5042   0.03696   0.04712   0.00298
   271/499     4.52G   0.03189   0.06619  0.009604    0.1077       129       640    0.9658    0.9824    0.9836    0.4707   0.03934   0.05023  0.002981
   272/499     4.52G   0.03076   0.07223  0.009285    0.1123       230       640    0.9811    0.9604    0.9833    0.4963   0.03771   0.05018  0.002969
   273/499     4.52G   0.03177   0.07212  0.009099     0.113       151       640    0.9759    0.9632    0.9806    0.4431   0.04043   0.05009  0.003285
   274/499     4.52G   0.03127   0.06917  0.008636    0.1091       138       640     0.983    0.9808    0.9834    0.4738   0.03904   0.04955  0.002969
   275/499     4.52G   0.03104   0.06753  0.009088    0.1077        40       640    0.9828    0.9824    0.9799    0.5015   0.03718   0.04659  0.002943
   276/499     4.52G    0.0315   0.06576  0.009291    0.1065       146       640    0.9856     0.987    0.9837    0.5364   0.03517   0.04788  0.002714
   277/499     4.52G   0.03119   0.06885  0.009016    0.1091       122       640     0.983     0.971    0.9814    0.4703   0.03978   0.04796  0.002896
   278/499     4.52G   0.03038     0.066  0.009045    0.1054       131       640    0.9808    0.9827    0.9814    0.5556   0.03296    0.0426  0.002629
   279/499     4.52G   0.03057    0.0667   0.00903    0.1063       109       640    0.9827    0.9864    0.9816    0.5658    0.0332   0.04611  0.002598
   280/499     4.52G   0.03075   0.06929   0.00874    0.1088       115       640    0.9611    0.9907    0.9813    0.4812   0.03876   0.04631  0.002906
   281/499     4.52G   0.03063   0.07005  0.009215    0.1099       142       640    0.9668    0.9865    0.9819    0.4433   0.04181   0.05198  0.002861
   282/499     4.52G   0.02979   0.06724  0.008572    0.1056        50       640    0.9639    0.9796    0.9801    0.5021   0.03767   0.04938  0.003056
   283/499     4.52G   0.03146    0.0701  0.008951    0.1105       182       640    0.9796    0.9862     0.983    0.4984   0.03835   0.04855  0.002684
   284/499     4.52G   0.03047   0.06782  0.008503    0.1068       120       640    0.9743    0.9794    0.9821    0.5251   0.03488   0.04422  0.002832
   285/499     4.52G   0.03078   0.06739  0.008833     0.107       101       640    0.9693    0.9833    0.9813    0.5151   0.03577   0.04611   0.00283
   286/499     4.52G   0.03054   0.06529  0.009063    0.1049        86       640    0.9766     0.975    0.9811    0.4962   0.03711   0.04528  0.002984
   287/499     4.52G   0.03123   0.07018  0.008919    0.1103       107       640    0.9641    0.9663    0.9803    0.4892   0.03829   0.05249   0.00361
   288/499     4.52G   0.03079   0.07083  0.009064    0.1107       127       640    0.9816    0.9865    0.9809     0.489    0.0395   0.05426  0.003115
   289/499     4.52G   0.03083   0.06704   0.00856    0.1064       126       640    0.9849    0.9802     0.983    0.4619   0.03983   0.04704  0.002859
   290/499     4.52G   0.03108    0.0695  0.008922    0.1095       126       640    0.9781    0.9711    0.9829    0.4789   0.03908   0.04727  0.002831
   291/499     4.52G   0.03133   0.06945  0.008738    0.1095        99       640    0.9867     0.958    0.9797     0.509   0.03695    0.0464  0.003136
   292/499     4.52G   0.03063   0.06888  0.009255    0.1088       140       640    0.9632    0.9687    0.9798    0.5486   0.03546   0.04636  0.003228
   293/499     4.52G   0.03073   0.07152  0.009021    0.1113        97       640     0.974     0.946    0.9786    0.5169   0.03661   0.04516  0.003396
   294/499     4.52G   0.02987   0.06604  0.008689    0.1046       115       640    0.9661    0.9648    0.9775    0.4988   0.03795   0.04927  0.003308
   295/499     4.52G   0.03006   0.06755  0.007929    0.1055        97       640    0.9759    0.9496    0.9794    0.5463   0.03452   0.04745  0.003211
   296/499     4.52G   0.03106   0.07109  0.009007    0.1112       147       640    0.9597    0.9728    0.9768    0.4716   0.03983   0.04901  0.003351
   297/499     4.52G   0.02966   0.06456  0.008436    0.1027        91       640    0.9773     0.982    0.9812    0.4812   0.04028   0.05453  0.002982
   298/499     4.52G   0.02981   0.06658  0.008459    0.1049       108       640    0.9687    0.9815    0.9811     0.524   0.03647   0.05014  0.002881
   299/499     4.52G   0.03043   0.06748  0.008548    0.1065       104       640    0.9768    0.9663    0.9795    0.5315   0.03644   0.04784  0.003193
   300/499     4.52G   0.03074   0.06343  0.008688    0.1029        93       640    0.9684    0.9667    0.9774    0.5848   0.03166   0.04339  0.003311
   301/499     4.52G   0.03096   0.06849   0.00867    0.1081       114       640    0.9752    0.9732    0.9808    0.5606   0.03411   0.04709  0.002851
   302/499     4.52G   0.03014   0.06684  0.008919    0.1059        59       640    0.9798    0.9619    0.9809    0.5152   0.03783   0.05302  0.003067
   303/499     4.52G   0.03027   0.06984   0.00889     0.109       168       640    0.9788    0.9515    0.9816    0.5294   0.03599   0.04812  0.003158
   304/499     4.52G   0.02994   0.06902  0.008821    0.1078       164       640    0.9565    0.9849    0.9818    0.5065   0.03771   0.04729  0.002933
   305/499     4.52G   0.02976   0.06854   0.00803    0.1063       147       640    0.9431    0.9833    0.9801    0.4845   0.03809   0.04901  0.003121
   306/499     4.52G   0.03042   0.06747  0.008819    0.1067       149       640    0.9629    0.9785    0.9826    0.5004   0.03759   0.04954  0.003125
   307/499     4.52G   0.02964   0.06552  0.008201    0.1034        56       640    0.9817    0.9824    0.9814    0.4595   0.03952   0.04768  0.002759
   308/499     4.52G   0.03004   0.06647  0.008398    0.1049       127       640    0.9782      0.96    0.9817    0.5194    0.0372   0.04855  0.003048
   309/499     4.52G    0.0302   0.06674  0.008843    0.1058       196       640    0.9683    0.9571    0.9757    0.5058   0.03697   0.04931  0.003367
   310/499     4.52G   0.03014   0.06845  0.008376     0.107       124       640    0.9779    0.9639    0.9785    0.5022   0.03687    0.0493   0.00318
   311/499     4.52G   0.02927   0.06725  0.008115    0.1046       148       640    0.9844    0.9628    0.9812    0.5033    0.0366   0.04798   0.00288
   312/499     4.52G   0.03004   0.06699  0.008121    0.1051       127       640    0.9648    0.9873    0.9829    0.4884   0.03829   0.04953  0.002777
   313/499     4.52G   0.02926   0.06466  0.007987    0.1019        79       640    0.9789    0.9801    0.9821    0.5118   0.03696   0.04718  0.002868
   314/499     4.52G   0.02965   0.06773  0.008335    0.1057       154       640     0.981    0.9625    0.9837    0.5034    0.0371   0.04804  0.003063
   315/499     4.52G     0.031   0.06939  0.008587     0.109       269       640    0.9706    0.9766    0.9822    0.5012    0.0379    0.0474  0.002915
   316/499     4.52G    0.0303   0.06692  0.008521    0.1057       190       640    0.9638    0.9918    0.9823    0.4972   0.03786   0.04688  0.002868
   317/499     4.52G   0.02993   0.06828  0.008509    0.1067        97       640     0.977    0.9886    0.9823    0.4777   0.03863   0.04855  0.002712
   318/499     4.52G    0.0296   0.06719  0.008075    0.1049       179       640    0.9798    0.9841    0.9818    0.5255   0.03665   0.04735  0.002654
   319/499     4.52G   0.02964   0.06765  0.008695     0.106       137       640     0.982    0.9694    0.9833    0.5481   0.03503   0.04749  0.002768
   320/499     4.52G   0.02975   0.06824  0.008245    0.1062       148       640    0.9687     0.969    0.9815    0.5537   0.03459   0.04671   0.00301
   321/499     4.52G    0.0293   0.06651    0.0084    0.1042        78       640    0.9828     0.963     0.985    0.5334   0.03549   0.04543  0.002685
   322/499     4.52G   0.02889   0.06535  0.008323    0.1026        96       640    0.9683    0.9922     0.984    0.5294   0.03548   0.04516  0.002658
   323/499     4.52G   0.02923   0.06604   0.00807    0.1033        86       640    0.9775    0.9874    0.9838    0.5492   0.03377   0.04479  0.002574
   324/499     4.52G   0.02962   0.06301  0.007852    0.1005        78       640     0.974    0.9563     0.983    0.5054   0.03713    0.0472  0.003171
   325/499     4.52G     0.029   0.06641  0.008194    0.1036       145       640    0.9848     0.963    0.9831    0.5084   0.03757   0.04955  0.002824
   326/499     4.52G   0.02923   0.06158  0.008357   0.09918        99       640     0.971    0.9861    0.9837    0.5491   0.03436   0.04618  0.002718
   327/499     4.52G   0.02975   0.06568  0.008237    0.1037       113       640    0.9735    0.9801    0.9823    0.5289    0.0354    0.0464    0.0029
   328/499     4.52G   0.02833   0.06655  0.007973    0.1029       129       640    0.9769    0.9815    0.9803    0.5552   0.03343   0.04447  0.002969
   329/499     4.52G   0.02939   0.06527  0.008096    0.1028       111       640    0.9839    0.9834     0.983    0.5402   0.03529   0.04741  0.002656
   330/499     4.52G   0.02919   0.06418  0.007951    0.1013       116       640    0.9839    0.9827    0.9826    0.5474   0.03502   0.04696   0.00258
   331/499     4.52G   0.02883   0.06645   0.00776     0.103       167       640    0.9825    0.9811    0.9822    0.5075   0.03747   0.04912  0.002671
   332/499     4.52G   0.02876   0.06012  0.007824   0.09671        80       640    0.9688    0.9861    0.9829    0.5288   0.03661   0.04785  0.002798
   333/499     4.52G   0.02981   0.06313  0.008461    0.1014        51       640    0.9754    0.9787    0.9836     0.563   0.03376   0.04429  0.002754
   334/499     4.52G   0.02847   0.06361   0.00796       0.1       118       640     0.974    0.9696    0.9799    0.5415   0.03462   0.04515   0.00312
   335/499     4.52G   0.02883   0.06601  0.008053    0.1029       141       640     0.971    0.9734    0.9814    0.4907   0.03873    0.0509  0.003095
   336/499     4.52G   0.02895   0.06905  0.008004     0.106       153       640    0.9748    0.9861    0.9842    0.5284   0.03561   0.04755  0.002873
   337/499     4.52G   0.02916   0.06817  0.008034    0.1054       123       640    0.9732    0.9771    0.9835    0.5176   0.03535    0.0472  0.003086
   338/499     4.52G   0.02878   0.06419  0.007686    0.1007        98       640    0.9756    0.9786    0.9853    0.5148   0.03685   0.04953  0.002825
   339/499     4.52G   0.02844   0.06629  0.007255     0.102       104       640    0.9727    0.9834    0.9839    0.5114   0.03646    0.0493  0.002703
   340/499     4.52G   0.02859   0.06613  0.007659    0.1024       102       640    0.9497    0.9858    0.9832    0.5641   0.03339   0.04704  0.003039
   341/499     4.52G   0.02871    0.0643  0.007426    0.1004        80       640    0.9437     0.984    0.9823    0.5399   0.03448   0.04777  0.003049
   342/499     4.52G   0.02978   0.06628  0.008384    0.1044       106       640    0.9567    0.9721    0.9838    0.5049   0.03649   0.04647  0.003056
   343/499     4.52G   0.02893   0.06513  0.008136    0.1022       126       640    0.9402    0.9806    0.9821    0.5433   0.03447   0.04525  0.003229
   344/499     4.52G   0.02874   0.06544  0.008104    0.1023       147       640    0.9539    0.9814    0.9843     0.501   0.03797   0.04951  0.003053
   345/499     4.52G   0.02874   0.06658  0.007371    0.1027       143       640    0.9521    0.9698    0.9764    0.4853    0.0386   0.05082   0.00324
   346/499     4.52G   0.02832   0.06396  0.007753       0.1       106       640    0.9695     0.966    0.9822     0.502   0.03684   0.04912  0.003183
   347/499     4.52G   0.02811   0.06415  0.007631   0.09989       139       640     0.961    0.9756    0.9832    0.4915   0.03778   0.04792  0.003048
   348/499     4.52G   0.02859   0.06692  0.007629    0.1031       183       640    0.9744     0.967    0.9834    0.4831   0.03905   0.04976  0.002896
   349/499     4.52G   0.02825   0.06344  0.007693   0.09939       172       640    0.9791    0.9809    0.9842    0.5058   0.03791   0.04817  0.002675
   350/499     4.52G   0.02858   0.06214  0.007434   0.09815        90       640    0.9768    0.9807    0.9827    0.5075   0.03736   0.04625  0.002655
   351/499     4.52G    0.0281    0.0625  0.007873   0.09848       201       640    0.9679    0.9697    0.9775    0.4978    0.0377   0.04674  0.003379
   352/499     4.52G   0.02795   0.06242  0.007529    0.0979       124       640    0.9722    0.9667    0.9785    0.4963   0.03797   0.04853  0.003227
   353/499     4.52G   0.02833   0.06336  0.007383   0.09906       109       640    0.9629    0.9782    0.9829    0.5157   0.03679   0.04805  0.002883
   354/499     4.52G   0.02801   0.06267  0.007388   0.09806        59       640    0.9658    0.9766    0.9762    0.5026   0.03823   0.05169  0.003051
   355/499     4.52G   0.02814   0.06638  0.007696    0.1022       170       640     0.971    0.9753    0.9822    0.5399   0.03545    0.0456  0.002688
   356/499     4.52G    0.0273   0.06069  0.007194   0.09518        81       640    0.9698    0.9785    0.9826    0.5342   0.03566   0.04787  0.002841
   357/499     4.52G    0.0288   0.06569  0.007456     0.102       112       640    0.9694    0.9727    0.9726    0.5106   0.03732   0.05009  0.003245
   358/499     4.52G   0.02821   0.06647  0.007522    0.1022        94       640    0.9692    0.9712    0.9777    0.5184   0.03687   0.04939  0.003202
   359/499     4.52G   0.02846   0.06374  0.007359   0.09956       110       640    0.9639    0.9742    0.9759     0.495   0.03826   0.05036  0.003413
   360/499     4.52G   0.02794   0.06342  0.007515   0.09887       141       640    0.9613    0.9669    0.9695    0.4904   0.03752   0.04833  0.003737
   361/499     4.52G   0.02864   0.06666  0.007896    0.1032        90       640    0.9628    0.9705    0.9749    0.5321   0.03601   0.04802  0.003374
   362/499     4.52G   0.02766   0.06495  0.007319   0.09993       113       640    0.9696    0.9691    0.9758    0.5217   0.03681   0.04819   0.00301
   363/499     4.52G   0.02773   0.06171  0.007442   0.09688       134       640    0.9704    0.9621    0.9772    0.5491   0.03499   0.04584   0.00311
   364/499     4.52G   0.02781    0.0648  0.007242   0.09985       149       640    0.9612    0.9517     0.973    0.5085   0.03734   0.05146  0.003707
   365/499     4.52G    0.0279   0.06626  0.007228    0.1014       178       640    0.9662    0.9525    0.9772    0.4805   0.03976   0.05312  0.003419
   366/499     4.52G   0.02777   0.06318  0.007741   0.09869        84       640    0.9675    0.9571    0.9827     0.472   0.03959   0.05025  0.003062
   367/499     4.52G   0.02715   0.06182  0.007351   0.09633        62       640    0.9678    0.9808    0.9833     0.531   0.03591   0.04968  0.002816
   368/499     4.52G   0.02777   0.06353  0.007523   0.09882        82       640    0.9784    0.9745    0.9844    0.5499   0.03434   0.04691  0.002814
   369/499     4.52G   0.02833    0.0629  0.007773   0.09901       104       640    0.9718    0.9742    0.9811    0.5327    0.0354   0.04655  0.002964
   370/499     4.52G   0.02761   0.06276  0.007439   0.09781       105       640    0.9708    0.9689    0.9795    0.5273   0.03544   0.04847  0.003104
   371/499     4.52G   0.02771   0.05886  0.007349   0.09392       103       640    0.9727    0.9728    0.9719    0.5108   0.03612   0.04826  0.003257
   372/499     4.52G   0.02728     0.061  0.007026    0.0953        89       640    0.9734    0.9784    0.9714    0.5007   0.03738   0.04933  0.003131
   373/499     4.52G   0.02765    0.0612  0.007532   0.09638        96       640    0.9761    0.9765    0.9724    0.4764   0.03843   0.05009  0.003137
   374/499     4.52G   0.02807   0.06068  0.007378   0.09613       141       640    0.9683    0.9708     0.976     0.471    0.0393   0.05019  0.003436
   375/499     4.52G   0.02767   0.06131  0.007176   0.09615       104       640    0.9569    0.9741    0.9805    0.5065   0.03725   0.04901  0.003186
   376/499     4.52G   0.02767   0.06299  0.007592   0.09825       122       640    0.9727    0.9649    0.9787    0.5216   0.03572   0.04752  0.003352
   377/499     4.52G   0.02736   0.06313  0.007102   0.09759       115       640    0.9712    0.9621    0.9769    0.5367   0.03505   0.04814  0.003259
   378/499     4.52G   0.02825   0.06417  0.007331   0.09975       109       640    0.9661    0.9662    0.9744    0.5045   0.03758   0.05086  0.003347
   379/499     4.52G   0.02681   0.06008  0.006802   0.09369       161       640    0.9652     0.964    0.9811    0.4972   0.03788   0.05151  0.003264
   380/499     4.52G   0.02704   0.05859  0.007288   0.09292        95       640    0.9713    0.9621    0.9809    0.4981   0.03782   0.05173  0.003273
   381/499     4.52G    0.0272   0.06057  0.007225     0.095       136       640    0.9514    0.9676     0.979    0.5053    0.0373   0.05242  0.003546
   382/499     4.52G   0.02701   0.05869  0.006677   0.09237        83       640     0.972    0.9631    0.9786    0.4896   0.03896   0.05345  0.003257
   383/499     4.52G   0.02756   0.06315  0.007211   0.09792       132       640    0.9608    0.9661    0.9794    0.5467   0.03523   0.04865  0.003054
   384/499     4.52G    0.0277   0.06104  0.007325   0.09606        91       640     0.957    0.9796      0.98    0.5296   0.03607   0.04893  0.002999
   385/499     4.52G    0.0267   0.06193  0.006668    0.0953       107       640    0.9615    0.9681    0.9811    0.5126   0.03746   0.05022  0.003055
   386/499     4.52G   0.02687   0.06285  0.007164   0.09688        74       640    0.9365    0.9839    0.9813    0.5148   0.03759    0.0535  0.003219
   387/499     4.52G   0.02701    0.0609  0.006612   0.09452        93       640    0.9669    0.9675    0.9828    0.5199   0.03671   0.05231  0.003175
   388/499     4.52G   0.02763   0.06339  0.006995   0.09802       114       640    0.9757    0.9492    0.9809    0.5425   0.03543   0.04811  0.003288
   389/499     4.52G   0.02734   0.06443  0.007145   0.09891       117       640    0.9657    0.9566    0.9792    0.5317   0.03651   0.04923  0.003255
   390/499     4.52G   0.02727   0.06014  0.007589     0.095        85       640    0.9656    0.9639      0.98      0.55   0.03533   0.04752  0.003254
   391/499     4.52G   0.02649   0.05763  0.006899   0.09102       127       640     0.969    0.9608    0.9763    0.5534   0.03449   0.04727  0.003386
   392/499     4.52G    0.0268   0.06313  0.006714   0.09664       142       640    0.9621    0.9616    0.9756    0.5553   0.03446   0.04912  0.003618
   393/499     4.52G   0.02744   0.06248  0.007635   0.09755        66       640    0.9649    0.9661    0.9775    0.5481   0.03492   0.04887  0.003362
   394/499     4.52G   0.02727   0.06217  0.007674   0.09711        49       640    0.9684     0.956    0.9773    0.5255   0.03655   0.04937  0.003461
   395/499     4.52G   0.02683   0.06198  0.007059   0.09588       123       640    0.9701    0.9462    0.9725    0.5162   0.03659   0.04897  0.003623
   396/499     4.52G   0.02651   0.06027  0.007227   0.09401       140       640     0.966    0.9431    0.9706    0.5219   0.03588   0.04824  0.003772
   397/499     4.52G   0.02675   0.06227  0.007147   0.09616       122       640    0.9711    0.9417    0.9765    0.5011   0.03787   0.04985  0.003565
   398/499     4.52G     0.027   0.06065  0.007175   0.09483       203       640     0.974     0.942    0.9787    0.5085    0.0374   0.05035  0.003457
   399/499     4.52G   0.02677   0.06165  0.007123   0.09554        99       640     0.968    0.9688    0.9826    0.5024   0.03823   0.05184  0.002964
   400/499     4.52G   0.02738   0.06348   0.00746   0.09832       132       640    0.9651    0.9711    0.9786    0.4906    0.0389    0.0529  0.003282
   401/499     4.52G   0.02702   0.05923  0.007091   0.09334       141       640    0.9674    0.9679    0.9824    0.5447   0.03484   0.04872  0.003014
   402/499     4.52G   0.02682   0.06264  0.006881   0.09635       127       640    0.9669    0.9684    0.9825    0.5336   0.03643   0.05328  0.002778
   403/499     4.52G   0.02631   0.05965  0.006809   0.09277       180       640    0.9717    0.9768    0.9826    0.5377   0.03571   0.05009  0.002676
   404/499     4.52G   0.02727   0.06243  0.007368   0.09707       132       640    0.9809    0.9817    0.9845    0.5592   0.03457   0.04799   0.00253
   405/499     4.52G   0.02684   0.06207  0.007158   0.09607       153       640    0.9857    0.9731    0.9852    0.5288   0.03709    0.0514  0.002576
   406/499     4.52G   0.02702   0.06019   0.00717   0.09437       126       640    0.9834    0.9683    0.9851    0.5276   0.03684   0.05203  0.002669
   407/499     4.52G   0.02608   0.06007  0.006695   0.09285        88       640    0.9816    0.9748     0.985    0.5478   0.03503   0.04979  0.002678
   408/499     4.52G   0.02688   0.06353  0.006926   0.09734        80       640    0.9814    0.9689    0.9825    0.5326   0.03587   0.04872  0.002696
   409/499     4.52G   0.02727   0.06161   0.00687   0.09576       116       640    0.9707    0.9661    0.9776    0.5086   0.03742   0.05011  0.003259
   410/499     4.52G   0.02656   0.06143  0.006831   0.09482       212       640     0.965    0.9673     0.975    0.5129   0.03747   0.05158  0.003312
   411/499     4.52G   0.02696    0.0639  0.006952   0.09782       121       640    0.9706    0.9646    0.9721    0.5087   0.03827   0.05305  0.003488
   412/499     4.52G   0.02668   0.06122  0.006868   0.09477       163       640    0.9602    0.9623    0.9732    0.4917   0.03919   0.05395  0.003398
   413/499     4.52G   0.02679   0.06038  0.006751   0.09392        88       640    0.9565     0.966    0.9723    0.4884   0.03929   0.05433  0.003337
   414/499     4.52G   0.02732   0.06356  0.006731   0.09761       187       640    0.9731    0.9531    0.9744    0.5077   0.03862   0.05442  0.003364
   415/499     4.52G   0.02617   0.06054  0.006623   0.09334       105       640    0.9719    0.9663    0.9758    0.5318   0.03691   0.05274  0.003179
   416/499     4.52G   0.02646   0.06096  0.006894   0.09431       168       640    0.9765    0.9677    0.9778    0.5348   0.03611   0.05094  0.003135
   417/499     4.52G   0.02682   0.06127  0.006865   0.09496       215       640    0.9761    0.9709    0.9771    0.5257   0.03675   0.05007  0.002972
   418/499     4.52G   0.02677   0.06378  0.006962   0.09751       156       640    0.9731    0.9665    0.9805    0.5195   0.03708   0.04879  0.003124
   419/499     4.52G   0.02672   0.06222   0.00651   0.09545       109       640    0.9696    0.9671    0.9764    0.5256   0.03656   0.04869   0.00333
   420/499     4.52G   0.02649   0.05987  0.006943    0.0933        89       640    0.9668    0.9675    0.9757    0.5338   0.03552   0.04821  0.003071
   421/499     4.52G   0.02669   0.06053  0.006703   0.09393       115       640    0.9681    0.9744    0.9777    0.5528   0.03462   0.04763  0.002989
   422/499     4.52G   0.02679   0.06132  0.007318   0.09542       115       640    0.9723    0.9891    0.9836    0.5352   0.03652   0.04938  0.002536
   423/499     4.52G   0.02676    0.0633  0.007114   0.09717       150       640    0.9659    0.9844    0.9841    0.5247   0.03759   0.05036  0.002609
   424/499     4.52G   0.02633    0.0593  0.006656   0.09228       107       640    0.9721    0.9778    0.9792    0.5053   0.03868   0.05346  0.002825
   425/499     4.52G   0.02684   0.06086   0.00692   0.09462        91       640    0.9717    0.9768    0.9753     0.506    0.0382   0.05232   0.00296
   426/499     4.52G   0.02663   0.05888  0.006964   0.09248       172       640    0.9646    0.9756     0.973    0.5009   0.03838   0.05234  0.003182
   427/499     4.52G   0.02696   0.06194  0.006723   0.09563       130       640    0.9742    0.9585     0.974    0.4935   0.03825   0.05301  0.003219
   428/499     4.52G   0.02612   0.06044   0.00654    0.0931        95       640    0.9643    0.9741    0.9762    0.5247   0.03685   0.05076  0.003084
   429/499     4.52G   0.02608   0.05803  0.006609   0.09072        55       640     0.966    0.9698    0.9785    0.5226   0.03727   0.04994  0.002833
   430/499     4.52G   0.02678   0.06315  0.006809   0.09673       140       640    0.9669    0.9702    0.9779    0.4851   0.03889   0.05153  0.003002
   431/499     4.52G    0.0259   0.05849  0.006607     0.091       135       640    0.9755    0.9715    0.9804    0.4974   0.03823    0.0504  0.002966
   432/499     4.52G   0.02616    0.0622  0.006384   0.09474        55       640     0.969    0.9771    0.9802    0.4908   0.03841    0.0496  0.002896
   433/499     4.52G   0.02602   0.05961  0.006892   0.09252        81       640    0.9776    0.9672    0.9764    0.4679   0.04015   0.05146  0.003101
   434/499     4.52G   0.02627   0.05799  0.007027   0.09129       117       640    0.9772    0.9668    0.9755     0.472   0.03961    0.0512   0.00293
   435/499     4.52G   0.02587   0.05947  0.006393   0.09173        92       640    0.9694     0.966    0.9752     0.487    0.0389   0.05117  0.002904
   436/499     4.52G   0.02612   0.05912  0.006604   0.09184       142       640    0.9663     0.969    0.9786    0.4836    0.0387   0.05178  0.002955
   437/499     4.52G   0.02597   0.05643  0.006856   0.08926       122       640    0.9647    0.9705    0.9789    0.4769   0.03919   0.05216  0.002895
   438/499     4.52G   0.02639   0.05987  0.006729   0.09299       144       640      0.97    0.9579     0.978    0.4717   0.03972   0.05381   0.00311
   439/499     4.52G   0.02565   0.05498  0.006417   0.08705       134       640    0.9721    0.9615    0.9776    0.4996   0.03815   0.05208  0.003041
   440/499     4.52G   0.02604    0.0613   0.00639   0.09373        95       640    0.9674    0.9608    0.9763    0.5054   0.03772   0.05165  0.003078
   441/499     4.52G   0.02583   0.05786  0.006634   0.09033       122       640    0.9702    0.9614     0.977    0.5165   0.03725   0.05166  0.002974
   442/499     4.52G   0.02654   0.06195  0.006836   0.09532       104       640    0.9722    0.9572    0.9793    0.5304   0.03647   0.05087  0.003056
   443/499     4.52G    0.0259   0.05976  0.006603   0.09227       114       640    0.9733    0.9587    0.9781    0.5105   0.03742    0.0509  0.003125
   444/499     4.52G   0.02522   0.05618  0.006439   0.08784       117       640    0.9734    0.9615    0.9824    0.5316   0.03599   0.04945  0.002944
   445/499     4.52G   0.02542   0.05875  0.006226   0.09039       132       640    0.9709    0.9699    0.9837    0.5383   0.03502   0.04778  0.002783
   446/499     4.52G   0.02554   0.05977  0.006615   0.09193       102       640    0.9734    0.9668    0.9811    0.5347   0.03577   0.04839  0.002987
   447/499     4.52G   0.02611   0.05849  0.006507    0.0911       120       640    0.9684    0.9683    0.9814    0.5186   0.03695   0.04944  0.003167
   448/499     4.52G   0.02541   0.05647  0.006561   0.08843       161       640    0.9697     0.958     0.979    0.4979    0.0385   0.05108  0.003351
   449/499     4.52G   0.02562   0.05627  0.006396   0.08829        91       640    0.9676    0.9466    0.9769    0.5076   0.03804   0.05196  0.003512
   450/499     4.52G   0.02622      0.06  0.006775   0.09299       122       640    0.9595    0.9594    0.9761    0.4962   0.03904   0.05423  0.003485
   451/499     4.52G   0.02569   0.06063  0.006367   0.09269       137       640    0.9677     0.963    0.9749    0.5003   0.03889   0.05272   0.00327
   452/499     4.52G   0.02633   0.06115  0.007227   0.09471       219       640    0.9675     0.966    0.9773    0.5019   0.03804   0.05127  0.003159
   453/499     4.52G   0.02644   0.05989  0.006808   0.09314        99       640    0.9655    0.9604    0.9772    0.5079   0.03806   0.05152  0.003359
   454/499     4.52G    0.0252   0.05824  0.006323   0.08976        85       640    0.9679    0.9509    0.9773    0.4914   0.03894   0.05292   0.00328
   455/499     4.52G   0.02604    0.0611  0.006543   0.09368       151       640    0.9539     0.972    0.9778    0.5071   0.03805   0.05109  0.003255
   456/499     4.52G   0.02496   0.05718  0.006227   0.08837       100       640    0.9717    0.9545    0.9787    0.4953   0.03796   0.05071  0.003179
   457/499     4.52G   0.02608   0.05924  0.006834   0.09216       127       640    0.9643     0.972    0.9843     0.503   0.03745   0.05058  0.002828
   458/499     4.52G    0.0253   0.05735  0.006155   0.08881        80       640    0.9716     0.963    0.9824    0.5007   0.03798   0.05137  0.003022
   459/499     4.52G   0.02617   0.06068  0.006746   0.09359        70       640    0.9765    0.9532    0.9811    0.4852   0.03858   0.05224  0.003184
   460/499     4.52G   0.02572   0.05629  0.006193    0.0882       112       640    0.9707    0.9577    0.9824    0.4914   0.03856   0.05113  0.003088
   461/499     4.52G   0.02572   0.06002  0.006478   0.09222       144       640    0.9708    0.9702    0.9854    0.4732   0.03974   0.05233  0.002859
   462/499     4.52G    0.0257   0.06025  0.006382   0.09234        84       640    0.9747     0.967    0.9855    0.4885     0.039   0.05177  0.002859
   463/499     4.52G   0.02565   0.05681  0.006502   0.08896        73       640    0.9716    0.9479    0.9794    0.4814   0.03905   0.05144  0.003342
   464/499     4.52G   0.02578   0.05858   0.00652   0.09087       168       640    0.9673    0.9504    0.9813    0.4858   0.03879   0.05153  0.003404
   465/499     4.52G   0.02596   0.05807  0.006515   0.09055       207       640    0.9645    0.9505    0.9817    0.4856   0.03866   0.05256   0.00337
   466/499     4.52G   0.02535   0.05706  0.006533   0.08894       100       640      0.97    0.9597    0.9839     0.482   0.03825   0.05246  0.003039
   467/499     4.52G   0.02533   0.05659  0.006551   0.08848       112       640    0.9607    0.9491    0.9783    0.4751     0.039   0.05301  0.003561
   468/499     4.52G   0.02531   0.05698  0.006585   0.08888       150       640    0.9698    0.9456    0.9775    0.4877   0.03828   0.05172   0.00364
   469/499     4.52G   0.02531   0.05826  0.006435   0.09001        87       640    0.9672     0.944    0.9744    0.4777    0.0394   0.05213  0.003966
   470/499     4.52G   0.02613   0.06231  0.006613   0.09506       209       640    0.9662    0.9453    0.9814     0.473   0.03968   0.05162  0.003537
   471/499     4.52G   0.02541   0.05716  0.006151   0.08872        80       640    0.9673    0.9493    0.9767    0.4746   0.03917   0.05138  0.003525
   472/499     4.52G   0.02623   0.06233  0.006665   0.09523        80       640    0.9661     0.958    0.9835    0.4831   0.03927   0.05253  0.003241
   473/499     4.52G   0.02622   0.06112  0.006561    0.0939       198       640    0.9686    0.9569    0.9841    0.4844   0.03932   0.05341  0.003254
   474/499     4.52G   0.02561   0.05941  0.006258   0.09128       116       640    0.9718    0.9517    0.9787    0.4765   0.03975   0.05387  0.003418
   475/499     4.52G   0.02553   0.06046  0.006341   0.09233       115       640    0.9709    0.9528    0.9754    0.4476   0.04137   0.05622  0.003626
   476/499     4.52G    0.0256   0.05858    0.0065   0.09068       132       640    0.9711    0.9556    0.9764    0.4617   0.04069   0.05521  0.003527
   477/499     4.52G   0.02559   0.05729  0.006925   0.08981        74       640    0.9724    0.9506    0.9764    0.4482   0.04122   0.05558  0.003551
   478/499     4.52G   0.02536   0.05825  0.006404   0.09001        61       640    0.9684    0.9537    0.9764    0.4537   0.04087   0.05501  0.003559
   479/499     4.52G   0.02556   0.06128  0.006399   0.09324       122       640     0.964    0.9492    0.9772     0.443    0.0414   0.05577  0.003772
   480/499     4.52G   0.02534   0.05715  0.006416   0.08891       107       640    0.9681    0.9447    0.9778    0.4505   0.04114   0.05608  0.003622
   481/499     4.52G   0.02549   0.05924   0.00639   0.09111        82       640    0.9616    0.9574    0.9765    0.4754   0.03929    0.0537  0.003558
   482/499     4.52G   0.02547   0.05752  0.006411    0.0894       106       640    0.9596    0.9646    0.9781    0.4782   0.03948   0.05328  0.003526
   483/499     4.52G    0.0257   0.05816  0.006752   0.09061        92       640    0.9648    0.9714    0.9806    0.4841   0.03893   0.05191  0.003297
   484/499     4.52G   0.02594   0.06017  0.006713   0.09282       139       640    0.9653    0.9664    0.9833    0.4817    0.0393   0.05351  0.003234
   485/499     4.52G   0.02559   0.05731  0.006327   0.08923       158       640    0.9564    0.9679    0.9832    0.4949    0.0388   0.05332  0.003302
   486/499     4.52G    0.0255   0.05816   0.00625   0.08991       215       640    0.9561    0.9819    0.9852    0.4971   0.03873   0.05248  0.003065
   487/499     4.52G   0.02502   0.05516  0.006374   0.08656       108       640    0.9636      0.97    0.9837    0.4859   0.03963   0.05277  0.003258
   488/499     4.52G   0.02558   0.05812  0.006402    0.0901        69       640    0.9676    0.9716    0.9836    0.4982   0.03806   0.05088  0.003192
   489/499     4.52G   0.02555   0.05739  0.006313   0.08925        81       640    0.9708    0.9528    0.9835    0.5173   0.03686   0.05088   0.00322
   490/499     4.52G   0.02513   0.05895  0.006225    0.0903       110       640    0.9568    0.9611    0.9822    0.5063   0.03778   0.05293  0.003409
   491/499     4.52G   0.02554   0.06088  0.006546   0.09297       114       640    0.9685    0.9473     0.979     0.498   0.03828   0.05427  0.003642
   492/499     4.52G   0.02528   0.06157  0.006201   0.09306       184       640    0.9687    0.9498    0.9829    0.5017   0.03835   0.05341  0.003392
   493/499     4.52G   0.02631    0.0605  0.007084   0.09389        78       640     0.968    0.9548    0.9833     0.523   0.03694    0.0513  0.003309
   494/499     4.52G   0.02563   0.06026  0.006279   0.09218       101       640    0.9608    0.9635    0.9776    0.5225    0.0364   0.05019  0.003378
   495/499     4.52G    0.0254   0.05737  0.006244   0.08901        64       640    0.9687    0.9586    0.9819     0.534   0.03528   0.04817  0.003323
   496/499     4.52G    0.0255   0.06019  0.006115    0.0918       111       640    0.9662    0.9578    0.9822    0.5313   0.03585   0.04863  0.003336
   497/499     4.52G   0.02548    0.0605  0.006391   0.09237        76       640    0.9639     0.955    0.9812    0.5214   0.03668   0.04978  0.003355
   498/499     4.52G   0.02548   0.05814   0.00652   0.09013       104       640    0.9561     0.973    0.9823    0.5026   0.03725   0.05054  0.003202
   499/499     4.52G   0.02538   0.06063  0.006523   0.09254       125       640    0.9521    0.9824    0.9829    0.4992   0.03762    0.0508  0.003115
